101 32 256
116 104 257
116 32 258
115 32 259
100 32 260
44 32 261
111 117 262
101 114 263
105 110 264
121 32 265
97 110 266
58 10 267
111 114 268
111 32 269
101 110 270
10 10 271
97 114 272
32 257 273
111 110 274
108 108 275
104 97 276
44 10 277
46 271 278
105 259 279
101 115 280
121 262 281
32 115 282
116 269 283
266 260 284
111 119 285
101 97 286
32 109 287
32 119 288
111 102 289
32 104 290
264 103 291
111 109 292
32 97 293
99 104 294
257 256 295
115 116 296
32 98 297
110 111 298
105 114 299
102 268 300
118 256 301
101 261 302
105 257 303
273 256 304
115 101 305
108 105 306
84 104 307
275 32 308
114 101 309
115 258 310
97 258 311
65 110 312
73 32 313
101 272 314
105 109 315
105 116 316
111 111 317
103 104 318
97 116 319
105 115 320
108 101 321
263 32 322
262 114 323
312 260 324
39 259 325
101 101 326
298 258 327
109 265 328
59 10 329
114 97 330
46 10 331
281 114 332
117 114 333
276 258 334
114 105 335
117 258 336
108 260 337
79 267 338
289 32 339
101 260 340
108 97 341
105 258 342
114 111 343
263 256 344
101 259 345
100 261 346
117 110 347
69 78 348
107 256 349
121 261 350
73 78 351
32 100 352
63 271 353
97 259 354
102 97 355
119 303 356
276 301 357
83 267 358
32 99 359
87 104 360
257 311 361
270 116 362
257 101 363
99 101 364
115 104 365
109 97 366
32 112 367
257 263 368
98 101 369
46 32 370
65 82 371
99 256 372
291 32 373
97 108 374
59 32 375
257 262 376
115 261 377
109 256 378
115 256 379
108 111 380
99 107 381
119 104 382
105 108 383
39 260 384
73 338 385
110 285 386
105 275 387
98 256 388
101 275 389
114 286 390
32 116 391
116 261 392
262 337 393
101 10 394
287 265 395
118 263 396
99 292 397
104 256 398
32 283 399
32 73 400
101 108 401
85 358 402
111 108 403
100 105 404
32 103 405
97 265 406
116 263 407
32 281 408
97 264 409
307 256 410
108 256 411
105 274 412
32 102 413
114 117 414
105 102 415
101 109 416
266 100 417
84 269 418
105 318 419
272 256 420
117 112 421
277 324 422
104 315 423
101 100 424
105 308 425
268 100 426
105 294 427
108 265 428
317 260 429
85 67 430
285 110 431
104 279 432
351 71 433
32 284 434
99 274 435
110 101 436
97 121 437
101 278 438
114 292 439
105 100 440
117 115 441
65 78 442
262 110 443
109 266 444
97 103 445
69 82 446
79 82 447
101 258 448
114 280 449
305 108 450
290 279 451
101 277 452
101 116 453
99 97 454
32 264 455
115 276 456
33 10 457
69 84 458
84 334 459
112 111 460
113 117 461
257 265 462
33 271 463
109 268 464
117 108 465
110 269 466
97 109 467
273 101 468
65 267 469
118 270 470
98 265 471
115 10 472
75 433 473
115 112 474
290 315 475
104 263 476
257 279 477
273 279 478
273 311 479
63 10 480
111 257 481
274 103 482
66 336 483
280 258 484
111 261 485
98 336 486
32 289 487
70 268 488
115 117 489
117 116 490
288 303 491
274 256 492
97 275 493
73 67 494
270 100 495
79 76 496
73 288 497
100 269 498
292 256 499
107 386 500
115 277 501
115 299 502
99 116 503
261 284 504
117 259 505
280 259 506
282 116 507
450 102 508
69 76 509
97 349 510
107 291 511
108 286 512
272 100 513
288 104 514
111 112 515
119 268 516
297 256 517
97 100 518
73 402 519
371 68 520
473 32 521
115 269 522
273 262 523
32 332 524
104 314 525
270 258 526
109 111 527
280 116 528
45 45 529
116 111 530
99 105 531
83 84 532
77 265 533
281 32 534
270 32 535
39 116 536
262 259 537
119 256 538
100 10 539
108 317 540
58 32 541
69 267 542
100 101 543
33 32 544
73 39 545
293 109 546
273 265 547
79 78 548
290 256 549
114 266 550
264 32 551
100 286 552
115 97 553
264 107 554
266 32 555
263 101 556
117 294 557
282 276 558
320 104 559
115 274 560
102 439 561
105 301 562
103 429 563
115 119 564
117 310 565
278 67 566
97 98 567
108 426 568
65 259 569
276 257 570
87 334 571
278 80 572
97 32 573
286 107 574
114 285 575
116 10 576
264 256 577
262 108 578
105 103 579
100 263 580
89 262 581
112 263 582
380 118 583
278 76 584
112 114 585
306 349 586
520 400 587
72 97 588
82 79 589
329 324 590
256 283 591
84 385 592
280 115 593
109 101 594
105 99 595
262 318 596
282 104 597
421 274 598
73 267 599
262 258 600
268 32 601
121 10 602
458 267 603
65 85 604
119 354 605
99 266 606
112 343 607
119 334 608
263 118 609
97 350 610
321 258 611
89 32 612
69 32 613
105 260 614
266 116 615
313 357 616
297 336 617
323 32 618
300 32 619
297 101 620
104 286 621
97 115 622
306 102 623
101 121 624
111 337 625
119 389 626
73 110 627
277 360 628
117 109 629
299 310 630
63 32 631
266 103 632
73 546 633
32 339 634
105 296 635
270 260 636
363 109 637
75 267 638
276 116 639
73 102 640
332 32 641
494 72 642
82 642 643
119 272 644
68 85 645
326 112 646
376 32 647
645 75 648
102 465 649
648 613 650
115 111 651
111 100 652
116 116 653
293 259 654
300 256 655
105 381 656
116 414 657
276 260 658
87 303 659
98 411 660
419 116 661
112 112 662
348 592 663
116 315 664
446 267 665
264 100 666
73 282 667
464 256 668
278 66 669
280 261 670
363 265 671
456 275 672
278 521 673
280 256 674
101 120 675
119 425 676
278 71 677
278 83 678
355 368 679
89 267 680
100 111 681
375 284 682
257 270 683
290 263 684
119 344 685
293 275 686
79 261 687
351 67 688
285 32 689
72 256 690
98 108 691
101 325 692
108 268 693
287 256 694
98 343 695
111 379 696
278 77 697
579 110 698
114 265 699
283 295 700
117 318 701
79 102 702
101 112 703
287 101 704
396 265 705
292 101 706
264 304 707
270 364 708
10 418 709
65 66 710
119 387 711
102 335 712
552 257 713
270 372 714
100 277 715
293 32 716
112 272 717
419 258 718
266 265 719
540 107 720
97 119 721
366 349 722
76 79 723
545 308 724
643 587 725
69 532 726
70 630 727
257 322 728
436 119 729
288 334 730
363 299 731
430 72 732
105 118 733
99 302 734
119 393 735
103 101 736
103 330 737
259 284 738
272 109 739
430 726 740
723 740 741
741 665 742
118 111 743
121 448 744
355 299 745
69 348 746
114 431 747
307 279 748
363 256 749
468 299 750
282 269 751
307 262 752
382 427 753
76 73 754
333 256 755
121 508 756
288 256 757
365 256 758
366 100 759
101 102 760
274 323 761
296 263 762
101 118 763
261 328 764
306 118 765
101 308 766
326 258 767
380 301 768
101 503 769
264 260 770
273 416 771
289 304 772
81 85 773
86 688 774
257 266 775
404 260 776
773 746 777
774 663 778
456 308 779
67 292 780
70 32 781
79 781 782
289 102 783
298 116 784
333 110 785
77 272 786
282 112 787
257 291 788
326 100 789
356 32 790
32 300 791
65 77 792
72 348 793
101 270 794
118 105 795
112 341 796
97 107 797
111 39 798
117 379 799
318 116 800
445 409 801
502 261 802
10 324 803
71 111 804
103 111 805
103 562 806
121 277 807
82 612 808
83 269 809
97 308 810
397 256 811
793 808 812
69 83 813
101 99 814
109 272 815
536 279 816
305 260 817
318 258 818
103 256 819
116 510 820
267 65 821
268 256 822
290 314 823
362 321 824
100 320 825
110 103 826
447 73 827
98 263 828
100 117 829
104 322 830
111 368 831
262 115 832
650 778 833
32 279 834
777 32 835
69 358 836
106 111 837
73 259 838
285 263 839
89 447 840
101 39 841
109 270 842
274 101 843
840 638 844
97 112 845
99 443 846
272 258 847
100 280 848
117 296 849
319 256 850
79 114 851
87 256 852
319 412 853
32 342 854
102 105 855
351 519 856
474 574 857
32 327 858
39 100 859
112 330 860
116 119 861
267 78 862
359 292 863
105 122 864
273 266 865
366 265 866
268 110 867
280 10 868
281 261 869
39 84 870
68 87 871
69 871 872
73 258 873
97 99 874
109 557 875
97 701 876
108 417 877
44 529 878
84 72 879
111 310 880
360 427 881
365 393 882
390 258 883
317 107 884
85 77 885
103 409 886
382 270 887
65 76 888
98 111 889
116 322 890
360 350 891
73 287 892
32 313 893
73 83 894
102 314 895
108 482 896
290 286 897
443 100 898
527 310 899
115 499 900
116 259 901
509 76 902
329 488 903
69 100 904
116 340 905
266 258 906
435 260 907
257 554 908
268 260 909
298 660 910
39 310 911
77 69 912
79 77 913
97 381 914
108 506 915
277 418 916
276 392 917
65 80 918
103 269 919
104 285 920
272 101 921
277 459 922
589 912 923
923 338 924
348 348 925
925 519 926
66 265 927
104 344 928
287 266 929
302 284 930
303 263 931
109 565 932
112 449 933
82 732 934
97 102 935
309 109 936
458 934 937
937 385 938
116 389 939
259 283 940
297 265 941
309 112 942
72 285 943
105 112 944
111 258 945
108 121 946
109 362 947
259 289 948
272 260 949
804 260 950
10 65 951
100 265 952
101 907 953
103 117 954
693 346 955
309 116 956
10 410 957
82 706 958
264 372 959
268 116 960
274 32 961
548 84 962
780 302 963
101 331 964
111 275 965
266 346 966
267 307 967
413 439 968
267 83 969
496 442 970
712 495 971
827 970 972
293 258 973
403 100 974
558 308 975
606 327 976
972 402 977
101 353 978
100 437 979
114 482 980
115 99 981
344 279 982
673 725 983
66 101 984
114 121 985
257 319 986
82 427 987
110 97 988
112 101 989
115 115 990
119 656 991
286 108 992
461 794 993
110 506 994
114 270 995
278 727 996
319 294 997
333 305 998
32 276 999
